2.75314
 5.01279
 2.48037
 -0.387619
 1.98477
 4.02409
 2.72303
 
0.213761
 1.80816
 4.33765
 2.89532
 0.377081
 0.74524
 3.97743
 
3.33227
 0.522189
 0.927886
 3.9988
 3.8128
 0.6726
 0.0122861
 
3.42609
 4.14442
 1.03397
 0.111115
 2.98237
 4.25276
 1.13987
 
-0.236498
 2.67514
 4.74048
 2.61648
 0.705939
 2.24322
 4.51721
 
2.49036
 -0.176385
 1.19932
 3.98582
 3.69222
 0.929344
 1.16142
 
4.21175
 3.44547
 0.905525
 0.113454
 4.08919
 4.37293
 1.39284
 
0.0288882
 2.52761
 3.4922
 1.37552
 -0.194646
 2.95187
 4.58444
 
2.29665
 -0.00200228
 1.57294
 4.00565
 2.76695
 -0.362073
 1.73905
 
4.75553
 3.90093
 0.777711
 0.192106
 4.25958
 4.07827
 0.796426
 
-0.0641295
 4.39799
 5.27589
 1.40851
 -0.779512
 2.43266
 3.97518
 
1.12259
 -0.659264
 2.90807
 5.42748
 2.55079
 -1.1295
 1.5201
 
4.35985
 2.59077
 -0.650599
 1.00554
 5.44685
 4.16858
 0.0912199
 
-0.235017
 4.58998
 3.75371
 -0.140854
 0.447175
 5.24173
 4.89994
 
1.12598
 -0.571578
 3.76943
 4.40736
 0.806877
 -0.405045
 3.8113
 
5.85861
 1.68652
 -1.06138
 2.45943
 4.89947
 1.97837
 0.101508
 
2.20679
 5.25639
 2.94881
 -0.50633
 1.36877
 4.51844
 2.71871
 
0.244603
 1.66041
 4.60947
 3.43239
 0.399529
 0.437937
 3.20509
 
3.67644
 0.729174
 0.544022
 3.92015
 4.34935
 1.2452
 0.0494879
 
3.08806
 3.6945
 2.21704
 0.650857
 2.67943
 3.94417
 1.74738
 
-0.0808522
 2.30609
 3.68542
 2.12151
 1.04665
 2.02507
 3.68677
 
2.44564
 0.681586
 1.50319
 3.68521
 3.13626
 1.31995
 1.29901
 
2.99515
 3.01976
 1.01768
 0.55679
 3.08342
 3.80688
 2.06472
 
0.784096
 1.99123
 3.35355
 0.948252
 0.78452
 2.0984
 3.68955
 
2.7512
 0.754562
 1.80152
 3.32989
 2.17647
 0.578646
 2.23263
 
4.13142
 3.35524
 0.601008
 1.01776
 2.94676
 2.86938
 1.04304
 
0.987436
 4.00587
 3.95288
 1.01332
 0.455756
 2.78793
 3.658
 
1.18277
 0.414153
 3.28278
 4.11019
 2.1111
 -0.259375
 2.81127
 
3.92982
 1.79643
 0.300986
 3.22556
 4.59433
 2.21116
 -0.290983
 
2.07108
 4.24319
 2.71925
 0.101348
 2.08125
 4.72373
 3.29005
 
0.0278484
 1.09478
 4.04386
 3.48045
 0.510097
 0.426904
 4.8824
 
4.03026
 0.353557
 0.515391
 3.86425
 3.66655
 0.734144
 0.0756797
 
4.20738
 4.36577
 0.762098
 -0.401472
 3.27102
 4.05639
 1.58524
 
0.006339
 3.29654
 5.62524
 1.75435
 -0.532893
 2.37699
 4.42188
 
2.85661
 -0.104963
 1.8628
 4.63948
 3.11098
 -0.538707
 0.80923
 
4.16037
 3.00233
 0.36058
 1.43674
 4.65426
 3.54833
 -0.134547
 
0.157327
 3.71831
 3.92161
 1.03532
 0.23654
 2.8314
 3.8851
 
1.00742
 -0.0377915
 3.26554
 4.13201
 1.37744
 0.298962
 2.55233
 
4.22242
 2.19773
 -0.151884
 1.65177
 4.67036
 2.84938
 0.574319
 
1.4978
 3.73981
 2.72624
 0.593832
 0.708114
 3.80873
 4.08076
 
1.29874
 -0.0504295
 2.91884
 3.37956
 0.784682
 -0.640772
 3.49739
 
4.5282
 2.867
 0.333468
 1.7993
 3.6399
 2.92945
 -0.301435
 1.78965
 
4.31165
 3.73871
 0.329457
 0.454819
 3.68216
 3.261
 0.244827
 
0.5257
 4.03403
 4.63357
 1.12767
 -0.527991
 3.09644
 4.49915
 
1.236
 -0.575015
 3.15678
 5.05321
 2.40086
 -0.988615
 1.90876
 
4.72931
 2.60899
 -0.529997
 1.9153
 5.00195
 3.61436
 -0.68553
 
0.595768
 4.19894
 3.41879
 -0.233291
 0.736433
 4.94008
 3.89694
 
0.200708
 -0.252538
 3.62698
 4.45367
 0.664554
 -0.121132
 3.77855
 
4.66905
 1.67141
 -0.828592
 2.55473
 4.4457
 1.41604
 -1.08099
 
2.87063
 4.74171
 2.07758
 -0.876902
 2.00729
 4.54469
 2.29665
 
-0.302284
 1.59777
 4.59804
 2.9604
 0.0843196
 1.56384
 3.82292
 
2.96763
 0.594762
 1.67028
 4.01367
 3.70432
 0.166407
 0.438856
 
4.12047
 4.00979
 0.771894
 0.616832
 3.24709
 4.19157
 1.37205
 
0.600141
 2.64396
 4.3405
 2.19923
 0.857197
 1.94403
 3.51068
 
2.13893
 0.668371
 2.5047
 4.27644
 2.18754
 0.915248
 1.72539
 
3.47604
 2.61207
 1.48213
 1.33928
 3.95934
 2.70565
 1.44193
 
0.749201
 2.84428
 3.37963
 1.27456
 1.1742
 3.2617
 3.65675
 
1.49437
 0.737865
 2.07006
 3.4214
 1.54062
 1.02871
 2.25034
 
4.10343
 2.07983
 0.764594
 1.83074
 3.08697
 2.61854
 0.767909
 
1.64669
 4.08874
 3.01122
 0.875484
 0.965705
 3.06797
 3.39415
 
0.547309
 1.11727
 4.10744
 3.9095
 1.42685
 -0.235153
 2.72911
 
3.9152
 1.26111
 0.687166
 3.03576
 4.59619
 1.83428
 -0.0343681
 
2.39214
 4.40937
 2.12844
 -0.483143
 2.05712
 4.66387
 3.20622
 
0.113405
 1.4395
 4.2399
 2.38933
 0.0533581
 1.50482
 4.96723
 
3.82906
 0.148059
 0.238319
 4.08235
 3.63678
 0.544441
 0.799711
 
4.03128
 4.70078
 0.280329
 -0.404193
 3.8248
 4.10418
 0.915878
 
-0.298769
 3.92218
 4.94095
 1.11686
 -1.08381
 3.08413
 4.622
 
2.2968
 -0.335448
 2.64685
 4.95982
 1.98911
 -0.204257
 2.34944
 
5.21387
 3.34292
 -0.803111
 1.07721
 4.46348
 3.19597
 0.209392
 
0.601036
 4.23988
 4.15726
 0.822319
 0.518427
 3.81424
 4.18596
 
0.680277
 0.325706
 3.99072
 4.49593
 1.87144
 0.273108
 2.79345
 
4.55329
 2.0967
 0.00876207
 2.56219
 4.72247
 2.80597
 0.650997
 
1.29373
 3.86195
 2.86549
 0.143223
 1.0259
 4.24377
 4.18079
 
1.05015
 0.24714
 3.51423
 4.08719
 1.14755
 -0.103425
 2.9833
 
4.51795
 1.90854
 -0.181435
 2.08939
 4.12917
 2.87721
 0.554545
 
1.98072
 4.16315
 3.26429
 0.756651
 1.3421
 4.03118
 3.52077
 
0.583998
 1.00053
 4.36095
 4.18791
 0.78393
 0.164072
 3.21222
 
4.43614
 1.53436
 -0.550117
 3.28233
 5.08093
 2.80208
 -0.734007
 
2.42918
 4.55387
 2.37647
 -0.298352
 2.29332
 5.20792
 3.12857
 
-0.51542
 1.47342
 4.71065
 3.28342
 -0.209903
 1.02641
 4.83127
 
3.78831
 0.0955854
 0.296848
 4.17982
 4.25766
 0.482248
 0.483446
 
4.36778
 4.20665
 0.778084
 0.0599407
 4.04059
 4.89951
 1.55507
 
-0.242677
 3.64596
 4.85939
 1.52708
 -0.388723
 3.03868
 4.81909
 
2.24192
 -0.3411
 2.96749
 4.83558
 2.34574
 0.0492972
 2.39767
 
4.69372
 3.41115
 0.412533
 1.68946
 4.14211
 2.65899
 0.734121
 
1.39565
 4.40894
 3.74131
 0.398181
 1.27485
 3.47457
 3.14994
 
0.528819
 1.06774
 3.82348
 4.16654
 1.01953
 0.689632
 2.72623
 
4.00124
 1.15474
 1.07149
 3.6288
 3.86366
 2.4129
 1.02693
 2.17295
 
3.44532
 1.58938
 0.998719
 2.59241
 3.85909
 2.74092
 1.10911
 
2.09882
 3.24527
 3.44515
 0.952227
 1.99141
 3.46805
 3.34865
 
1.33459
 0.762604
 2.77472
 3.35612
 1.52991
 1.50559
 3.16643
 
3.72263
 1.60515
 0.642779
 2.68105
 3.584
 1.80836
 1.0884
 2.84048
 
4.13751
 2.61881
 1.23502
 1.76259
 3.65439
 3.15117
 1.06768
 1.817
 
4.31222
 3.54789
 0.572407
 1.02974
 3.59565
 4.03271
 0.985913
 
1.00255
 3.79892
 4.25971
 1.6911
 0.238196
 3.18807
 4.7067
 
1.69173
 -0.130228
 2.87814
 5.01077
 2.38352
 -0.156584
 2.61813
 
4.8166
 3.15111
 -0.2252
 2.02672
 4.74229
 3.35571
 -0.204999
 
1.73579
 5.20399
 4.02804
 0.419115
 1.00679
 4.55794
 4.30901
 
0.723341
 0.616395
 4.78098
 4.87233
 0.986104
 -0.387492
 4.70318
 
5.03156
 1.03396
 -0.579233
 4.052
 5.57596
 1.98161
 -0.882807
 
2.74398
 5.58155
 1.78145
 -0.115096
 2.86428
 5.07104
 2.94901
 
-0.514283
 1.75816
 4.89486
 3.69776
 -0.463394
 1.54849
 5.69173
 
4.33908
 0.288153
 0.0280514
 3.69794
 4.12065
 0.742547
 0.569538
 
4.45391
 4.61219
 0.963866
 0.0273409
 2.76865
 4.51515
 1.91159
 
0.35064
 2.46408
 5.31265
 2.23479
 0.316747
 1.50157
 4.3531
 
2.84961
 0.858265
 1.53403
 4.4938
 3.74076
 0.937709
 0.702921
 
3.47425
 3.74013
 1.63859
 0.721398
 3.67432
 3.86901
 2.33996
 
0.350508
 2.34431
 4.43053
 2.36187
 0.142633
 2.74876
 4.98629
 
2.99595
 0.264862
 1.79766
 4.4889
 3.68561
 0.347369
 1.4245
 
4.5247
 4.07073
 0.871066
 0.681808
 3.52952
 4.09585
 1.84077
 
1.07485
 3.32852
 5.17084
 2.0322
 -0.373586
 2.9274
 5.3419
 
1.66471
 -0.219364
 2.73401
 4.66323
 1.9783
 -0.34499
 2.34486
 
5.4765
 3.20049
 -0.376549
 1.93049
 4.51409
 3.35233
 0.15658
 
1.66083
 4.94065
 4.12596
 0.407662
 1.14307
 4.46412
 3.5783
 
0.762597
 0.798624
 4.55618
 4.8139
 0.932864
 0.346494
 3.56566
 
4.73802
 1.67646
 0.164824
 4.11429
 4.93217
 1.61053
 0.1216
 
3.39212
 4.5165
 1.98358
 0.475766
 3.18129
 5.0583
 2.30326
 
0.00354886
 2.20973
 4.17073
 2.46941
 0.284925
 2.89052
 5.13487
 
3.17209
 0.212604
 1.58869
 3.66819
 3.15594
 1.08751
 1.75128
 
4.56229
 3.781
 1.30158
 1.0268
 3.24756
 3.58049
 1.62438
 1.39451
 
4.15933
 3.98794
 1.58067
 1.32938
 3.36154
 3.53182
 1.85601
 
1.2733
 3.11191
 4.21081
 2.56245
 1.01085
 1.6228
 3.79561
 2.42627
 
1.21043
 2.63864
 4.17947
 3.14909
 1.06768
 1.45536
 3.52003
 
2.76653
 1.36492
 1.80543
 4.08894
 3.76426
 1.67882
 1.34276
 
3.67342
 3.55828
 1.81139
 0.89383
 4.13092
 4.26843
 1.98154
 
0.990112
 2.57678
 4.59171
 2.82852
 0.935651
 2.02826
 4.27422
 
3.57459
 0.42265
 2.06755
 5.09619
 3.65301
 0.611809
 1.18824
 
3.97651
 4.30126
 0.909857
 0.595993
 4.02704
 4.70615
 1.24712
 
0.256444
 4.10363
 4.41023
 1.3019
 -0.394711
 3.44613
 5.34401
 
1.7127
 -0.548532
 2.33497
 5.04517
 3.10456
 -0.298636
 2.69634
 
5.55583
 3.63323
 -0.199745
 1.93694
 4.94803
 3.9675
 -0.419024
 
1.19891
 5.54036
 4.30461
 0.283162
 -0.701729
 4.13827
 4.48191
 
0.707433
 -0.189252
 4.90102
 5.70293
 1.30057
 -0.486658
 3.575
 
5.08599
 1.40109
 -1.0774
 3.5728
 6.07852
 2.55269
 -0.689684
 
2.0467
 4.96666
 3.20649
 -0.543523
 2.49459
 5.67014
 4.75662
 
0.204443
 0.321396
 4.11494
 3.72911
 0.653959
 1.44958
 4.4571
 
4.64687
 1.1178
 -0.207303
 2.97169
 4.63074
 2.116
 0.594468
 
3.20666
 5.00404
 2.27236
 0.275215
 1.92392
 4.83544
 2.90454
 
0.93866
 2.36877
 4.85726
 3.59315
 0.791699
 0.49792
 4.347
 
3.76674
 1.46529
 1.50394
 4.03586
 4.01534
 1.26583
 0.199619
 
2.72467
 4.65158
 2.72112
 1.18479
 3.13444
 4.54982
 2.30705
 
0.0858061
 2.11319
 4.76286
 3.11303
 1.06785
 2.1262
 4.8682
 3.472
 
0.776625
 1.09603
 4.34445
 4.53162
 1.07959
 0.873237
 3.74165
 
4.07727
 1.6304
 0.808457
 3.95879
 4.75197
 1.59715
 0.54866
 
3.31558
 4.66378
 1.75009
 0.0664501
 2.82436
 5.15572
 2.83773
 
-0.0806919
 2.79218
 4.7639
 2.8798
 -0.0282319
 2.71963
 5.13474
 
3.73971
 0.439229
 1.60394
 4.32141
 2.79721
 0.529985
 1.81958
 
4.68545
 4.30806
 0.563661
 0.513666
 3.85777
 4.03951
 1.04699
 
1.23255
 4.11067
 5.18983
 1.73864
 0.550191
 3.83196
 3.96701
 
2.2243
 0.283737
 3.95319
 4.72567
 2.24151
 -0.10484
 2.71159
 
3.89698
 2.10843
 0.473031
 3.4708
 4.69991
 2.86807
 0.400562
 
2.15986
 3.96892
 2.64554
 0.615945
 2.94231
 4.47617
 3.50097
 
1.00956
 1.61098
 3.99823
 3.15974
 0.838865
 1.9516
 4.45483
 
4.23629
 1.24764
 0.774643
 3.63917
 3.61743
 1.40257
 1.55642
 
3.57647
 4.08052
 1.66651
 0.663483
 2.95307
 3.91779
 2.32818
 
1.3596
 3.3268
 4.67148
 2.55678
 0.733717
 2.10341
 3.81653
 
3.43668
 1.53762
 2.64415
 4.43302
 3.44197
 0.787011
 1.37339
 
3.79268
 3.74136
 1.89883
 1.47041
 4.00177
 4.22055
 1.0665
 
0.578346
 3.26196
 4.24114
 1.76295
 0.994295
 3.27399
 4.52352
 
2.25112
 0.397128
 2.53843
 5.35278
 3.21369
 1.02327
 2.11081
 
4.13424
 3.6853
 0.348915
 0.798682
 4.89301
 4.13586
 0.784899
 
0.732193
 3.99294
 4.86421
 0.843234
 -0.295717
 4.45575
 5.78559
 
1.74841
 -0.492112
 3.12218
 4.81357
 1.56345
 -0.538649
 3.22387
 
6.37343
 3.18856
 -0.311606
 1.8983
 5.36621
 2.7158
 -0.0632934
 
1.93987
 6.04268
 4.63425
 0.161392
 0.478246
 4.2924
 3.70727
 
0.416804
 0.254341
 4.89899
 5.63844
 1.66538
 -0.799115
 3.30405
 
4.64139
 1.13409
 -0.253765
 4.34398
 6.07035
 2.37981
 -1.1836
 
2.31121
 5.05521
 2.58935
 -0.0487255
 2.65911
 5.88673
 3.63664
 
-0.2192
 0.370502
 4.04026
 4.15811
 0.959093
 1.74547
 5.05181
 
5.06827
 1.18848
 0.688757
 3.87592
 4.83404
 1.39062
 0.961786
 
3.72154
 5.00959
 2.28849
 -0.449035
 2.67603
 4.71551
 2.81423
 
0.596194
 2.82603
 4.53343
 3.07696
 0.51392
 1.54361
 4.31115
 
3.62646
 0.983508
 1.61586
 3.87817
 4.14027
 1.27457
 0.462372
 
3.48136
 4.52962
 2.00871
 0.412997
 2.95144
 4.33151
 1.92587
 
0.336405
 2.47623
 5.17129
 2.99347
 0.67609
 2.0374
 4.12894
 
2.77324
 0.667617
 1.84288
 4.52356
 3.64069
 0.907943
 1.51794
 
3.89194
 3.10918
 1.13021
 1.38959
 4.08696
 4.64667
 1.32707
 
0.590198
 3.36409
 4.01687
 1.74083
 0.877463
 3.73431
 4.77732
 
2.08243
 0.255461
 3.11826
 4.27461
 1.71028
 0.184149
 3.28696
 
4.75457
 2.93483
 -0.0417072
 2.0168
 3.99462
 2.63191
 0.763796
 
2.41593
 5.24624
 3.87956
 0.821418
 0.934762
 3.88708
 3.38544
 
0.549851
 1.73985
 4.89754
 4.17248
 0.983975
 0.907798
 3.46723
 
3.90276
 0.892419
 0.801398
 4.38285
 4.9574
 1.43448
 0.734704
 
3.33015
 4.2947
 2.18791
 0.859473
 4.3769
 4.53557
 2.90829
 
-0.0107032
 2.90354
 4.31521
 2.1502
 1.0754
 3.02885
 4.63601
 
3.22489
 0.348634
 1.90714
 3.97933
 3.08466
 0.810317
 2.37159
 
4.50392
 3.67298
 1.03736
 1.1074
 3.6418
 3.82094
 1.42412
 1.7653
 
4.11465
 4.04019
 1.38144
 0.845005
 3.46036
 3.57339
 2.05978
 
0.992007
 3.41899
 4.3627
 1.71805
 0.48326
 2.81077
 4.22153
 
2.6139
 1.345
 2.44706
 4.39099
 2.33719
 1.27728
 1.66734
 3.92047
 
3.91044
 1.56773
 1.46944
 4.28042
 3.82002
 1.58009
 0.639833
 
4.25795
 4.5381
 1.73574
 0.507555
 3.58999
 4.36691
 1.71579
 
0.185963
 3.31712
 4.9445
 2.50303
 0.84284
 2.34061
 4.19129
 
2.74369
 0.285555
 1.8079
 5.49508
 3.89639
 0.477627
 1.42685
 
4.08699
 3.6539
 0.145506
 0.449749
 4.6561
 5.28611
 1.87309
 
-0.0292007
 3.90778
 4.87404
 1.99569
 -0.366473
 3.92067
 5.58301
 
2.52803
 -0.583761
 2.26695
 5.08524
 2.53229
 0.19046
 2.05523
 
6.01564
 4.16515
 0.569178
 1.06986
 4.78479
 4.15457
 -0.0727788
 
0.693437
 5.47648
 6.00833
 0.797542
 -0.816792
 3.66512
 5.0055
 
1.2424
 0.180958
 4.48002
 5.76383
 2.54571
 -0.789452
 2.68494
 
5.20713
 2.39144
 -0.740136
 2.81522
 5.32153
 3.33133
 0.107399
 
1.51895
 4.54994
 3.56651
 0.388582
 2.20713
 5.32651
 4.77064
 
0.709198
 -0.0999336
 4.25408
 4.75591
 0.910955
 0.883853
 4.01267
 
4.90734
 1.65864
 -0.0726059
 3.02951
 4.88923
 2.35508
 0.830752
 
2.84282
 4.78126
 2.3929
 1.30331
 2.044
 5.10805
 3.64587
 1.33495
 
1.7817
 4.61206
 3.10971
 1.34746
 1.53953
 4.33145
 3.82682
 
1.86093
 1.00964
 3.60904
 3.69588
 1.63564
 0.244464
 3.16475
 
5.07488
 2.82325
 0.988906
 3.03834
 3.67446
 2.41316
 0.461979
 
3.09126
 4.75077
 3.00462
 1.18304
 1.97802
 4.19902
 2.45393
 
0.955199
 2.09943
 4.40325
 3.99688
 1.4043
 1.01395
 3.52697
 
3.29333
 1.23718
 1.36499
 3.92508
 4.40987
 1.84977
 0.823272
 
3.50382
 4.02681
 1.53784
 0.742215
 3.24639
 4.58973
 2.20645
 
0.422989
 2.86662
 3.77677
 1.91338
 0.683049
 2.72172
 5.22328
 
3.27127
 0.458493
 1.85786
 3.76926
 2.97535
 0.711728
 2.20896
 
4.54391
 3.83494
 0.910401
 1.14393
 4.09705
 3.48225
 0.985259
 
1.42283
 5.05283
 4.89284
 1.43122
 0.130767
 3.59697
 4.21196
 
1.46473
 0.778299
 4.94284
 5.05848
 1.95209
 0.000574188
 2.46201
 
4.35953
 2.15364
 1.28601
 3.71766
 5.1469
 2.40521
 0.104596
 
2.31034
 4.31697
 3.13964
 0.24721
 2.7826
 4.85414
 3.00366
 
0.249672
 1.7606
 3.61475
 3.4475
 1.2127
 2.18328
 4.62565
 4.03966
 
0.529014
 0.728967
 3.83387
 4.17382
 1.5574
 0.818322
 4.23581
 
4.7316
 1.31987
 0.233717
 3.39585
 4.24007
 2.32392
 0.949642
 
3.22157
 4.48502
 2.49841
 0.378264
 2.53318
 4.26644
 3.40145
 
1.46513
 1.55087
 4.3269
 3.20273
 0.516669
 1.51965
 4.73133
 4.207
 
1.35818
 0.272247
 3.86096
 4.28565
 1.86993
 0.612494
 4.20899
 
5.21592
 2.48097
 0.809084
 2.4244
 4.63949
 2.08837
 0.186553
 
2.8633
 5.02851
 3.69707
 0.89802
 1.60872
 4.22921
 3.20022
 
0.179167
 0.884526
 5.14837
 4.79019
 1.45303
 0.4532
 3.73902
 
4.33465
 1.37158
 -0.00810792
 4.67063
 5.41685
 2.07353
 -0.369961
 
2.53408
 5.2074
 2.33691
 -0.361959
 2.87338
 5.71952
 3.78063
 
-0.223843
 0.9847
 4.32004
 3.63844
 0.375066
 1.38878
 5.50967
 
4.90539
 0.569063
 -0.0582647
 4.37502
 4.9593
 0.967275
 0.431206
 
5.00896
 5.51726
 1.65632
 -0.297337
 3.0315
 5.57585
 1.80897
 
-0.480726
 3.50067
 5.4142
 2.61591
 -0.164877
 2.50968
 4.86222
 
2.92123
 0.00711381
 2.40988
 5.16457
 4.00845
 0.29412
 0.814932
 
4.43096
 4.12801
 0.793543
 1.18912
 3.90943
 4.3877
 1.19238
 
0.333789
 3.81608
 4.962
 2.14226
 0.774977
 3.44733
 4.41444
 
1.65208
 0.657349
 2.87073
 5.25656
 2.36031
 0.665532
 2.62189
 
4.41685
 2.47448
 0.238592
 1.67296
 4.134
 3.72106
 1.52905
 
1.69993
 3.53531
 3.28458
 1.15255
 1.43903
 4.01907
 4.54545
 
1.90164
 1.24221
 3.11587
 3.57353
 1.95212
 0.927825
 3.50222
 
4.19004
 2.81558
 1.34469
 1.99699
 4.14488
 2.40079
 0.932785
 
2.72774
 4.62478
 3.18456
 1.19161
 1.64094
 3.72748
 2.91693
 
1.29319
 1.78298
 4.25997
 4.05466
 0.853964
 1.15138
 3.51333
 
3.45502
 1.73318
 0.924859
 3.85293
 4.94962
 1.87579
 0.0894886
 
3.07816
 4.39491
 1.95234
 1.11158
 2.99445
 5.24538
 2.50728
 
0.130099
 2.35641
 4.1814
 2.496
 0.390956
 2.55827
 5.1331
 3.46781
 
0.427861
 1.57139
 4.5824
 3.18092
 0.910953
 1.59146
 5.09209
 
3.87119
 1.12023
 0.815124
 4.49319
 4.30729
 1.15803
 0.643602
 
4.65829
 5.06206
 1.278
 0.362804
 4.12225
 4.3061
 2.01998
 
0.203666
 3.76727
 4.68533
 2.01566
 -0.213709
 3.16919
 4.71924
 
2.48619
 0.15339
 2.75674
 4.91547
 3.29343
 0.17998
 2.36039
 
4.9137
 3.42339
 0.638914
 2.17377
 4.71563
 3.53839
 0.464858
 
1.10918
 5.21287
 4.06918
 0.512097
 1.17143
 3.98484
 4.62879
 
0.814057
 0.407035
 4.02866
 4.64911
 2.32055
 0.625285
 3.07985
 
4.35623
 1.45134
 -0.0149373
 3.2112
 5.16829
 3.1002
 1.14317
 
2.2742
 4.85963
 2.84316
 0.695614
 1.74252
 5.24368
 4.05582
 
1.21253
 1.23237
 4.00077
 3.64531
 0.91625
 0.277762
 4.17424
 
4.40822
 1.66215
 0.465675
 3.12607
 4.75471
 1.79713
 0.0714482
 
2.95218
 5.26965
 3.63445
 0.19449
 1.46155
 4.52515
 2.70092
 
1.01166
 2.14408
 5.12393
 4.98595
 1.07888
 0.322223
 4.31633
 
4.94226
 1.57448
 0.63278
 4.35112
 5.74463
 2.15471
 -0.117412
 
3.00386
 5.14754
 2.16089
 -0.0570534
 3.01644
 5.36091
 3.17514
 
-0.0206898
 1.68286
 5.12197
 3.81945
 -0.00877567
 2.13494
 5.73554
 
4.10643
 0.341059
 0.587572
 4.91141
 4.55697
 0.804184
 0.82542
 
4.69379
 4.91968
 1.42422
 0.477065
 4.18391
 5.14269
 2.04489
 
-0.273545
 4.06457
 5.43896
 2.02688
 -0.297208
 2.89978
 5.29726
 
2.52957
 -0.152426
 3.07442
 5.14415
 2.90603
 -0.165866
 2.38517
 
4.98903
 3.72986
 0.40188
 1.88875
 4.71313
 3.87545
 0.7522
 
1.88816
 4.18013
 4.42471
 1.45415
 1.02199
 3.60423
 4.61645
 
1.32173
 0.874392
 3.47834
 4.73269
 2.43003
 0.707926
 3.20878
 
4.31499
 1.95654
 0.780939
 2.84111
 4.83234
 2.56721
 1.71508
 
1.8567
 3.94485
 2.30124
 1.30101
 2.32576
 4.12148
 3.40067
 
1.77425
 1.75562
 3.33321
 2.92114
 1.36741
 1.5226
 3.93118
 
4.29899
 2.26659
 0.930998
 3.07172
 3.76842
 2.06756
 0.883809
 
3.16121
 4.45306
 2.85474
 1.20896
 2.28604
 4.20779
 2.48106
 
1.21577
 2.58227
 4.38254
 3.53762
 0.909461
 1.49321
 3.65069
 
3.43372
 1.1997
 2.02931
 4.39518
 4.72329
 1.77477
 1.03814
 
2.87648
 4.14725
 1.63765
 1.08408
 4.10099
 4.69045
 1.71784
 
0.40311
 3.08504
 4.89928
 2.24366
 0.793814
 2.93976
 5.1614
 
2.60283
 -0.37763
 2.28256
 5.08253
 2.79958
 0.40299
 2.82916
 
5.13281
 3.24665
 0.0213569
 1.54582
 4.47616
 3.67421
 0.746676
 
1.08242
 5.07783
 4.26433
 0.725429
 0.489606
 4.30678
 4.84407
 
1.40008
 0.286852
 4.8308
 4.6299
 1.63648
 -0.167672
 4.15221
 
5.24796
 2.17184
 -0.227381
 3.32054
 4.7765
 2.54753
 -0.203888
 
3.04631
 5.72163
 3.23524
 0.153187
 2.07235
 4.67897
 3.13478
 
0.14436
 1.81139
 5.51813
 3.8935
 0.496345
 1.33338
 4.4087
 
3.65652
 0.724174
 0.555884
 4.75082
 4.68571
 1.40725
 0.36578
 
3.72714
 4.34812
 1.42955
 0.611397
 3.4484
 5.18626
 2.43518
 
0.664864
 1.87598
 4.54633
 2.93203
 0.26087
 2.06664
 4.89381
 
4.19432
 0.601719
 1.17954
 3.86225
 3.44544
 1.20964
 1.59956
 
4.38521
 4.77686
 2.00182
 0.0661151
 3.25472
 5.24707
 1.9179
 
0.412382
 3.37162
 5.47386
 3.39428
 0.816076
 2.21755
 4.41458
 
2.95215
 0.840104
 1.97949
 5.16557
 4.18322
 1.12534
 0.712848
 
4.10465
 4.1501
 0.982419
 0.457129
 4.43593
 5.25629
 2.20877
 
-0.19702
 3.34457
 5.12132
 2.24389
 -0.30427
 3.72209
 5.55451
 
2.57207
 -0.418884
 2.23597
 5.21503
 2.95807
 -0.200329
 2.1423
 
5.7741
 3.76765
 0.137766
 1.75228
 4.85162
 4.18842
 0.443654
 
1.06512
 4.85061
 4.37225
 1.13428
 0.519706
 4.77777
 5.0062
 
1.40154
 0.319905
 4.24919
 5.00196
 1.42064
 0.449184
 4.14108
 
5.11082
 1.98618
 0.655992
 3.33307
 4.77353
 2.57496
 -0.028233
 
3.56272
 4.83191
 3.45524
 0.304693
 2.4146
 4.5734
 2.98014
 
0.669442
 2.33019
 4.69639
 3.98112
 1.1275
 1.72331
 3.68155
 
3.5924
 1.26199
 2.19014
 4.03821
 4.5475
 1.80408
 1.6756
 3.65178
 
3.81039
 1.83901
 1.39125
 3.47176
 4.3726
 2.10455
 0.711166
 
3.1317
 4.09793
 1.83871
 1.22437
 3.08166
 4.57325
 3.16701
 
1.37012
 1.8438
 3.7675
 3.02333
 1.51832
 2.95685
 4.50562
 3.62351
 
1.73175
 1.21132
 3.54755
 3.31358
 2.4279
 2.0001
 3.59685
 3.79101
 
1.97015
 0.962972
 3.0428
 3.92004
 2.45937
 1.36741
 3.07997
 
4.85687
 2.92226
 1.15759
 2.38516
 3.76818
 2.87063
 0.90706
 
2.71089
 4.33602
 3.75386
 1.14029
 1.44738
 3.89338
 3.75461
 
1.34588
 1.48457
 4.1345
 3.79838
 1.73694
 0.463843
 4.0833
 
4.06949
 1.58982
 0.450393
 3.74549
 4.79749
 1.52355
 -0.0725435
 
3.31519
 4.58865
 2.61773
 0.0799183
 3.58099
 5.17846
 2.98696
 
0.149472
 2.40125
 5.73576
 3.4674
 0.214279
 1.62275
 5.17476
 
3.70023
 -0.211863
 1.1934
 5.40971
 4.66861
 0.659662
 0.744013
 
5.19905
 4.75223
 0.395581
 0.392459
 4.72634
 5.21202
 1.3257
 
-0.289836
 3.57663
 5.18754
 1.37371
 -0.14643
 4.23783
 5.56368
 
2.70131
 -0.0814119
 2.72132
 4.91436
 2.83578
 0.244237
 2.65368
 
5.49284
 4.38385
 0.572682
 1.1844
 4.4495
 3.87445
 0.295762
 
1.40249
 4.94402
 5.19692
 1.30762
 0.459332
 3.234
 4.83845
 
1.37972
 0.823968
 4.081
 5.21355
 2.43089
 0.220625
 2.40505
 
4.68311
 2.67098
 0.856004
 2.79144
 4.77757
 3.80234
 1.3193
 
1.22942
 4.4498
 4.01587
 1.24574
 1.07817
 4.71184
 4.96307
 
2.12983
 0.556185
 3.58205
 4.19232
 2.25483
 0.602044
 3.52673
 
4.71239
 2.93506
 0.441851
 2.18361
 5.00759
 3.1683
 0.413853
 
2.28143
 4.89726
 3.6831
 0.576685
 1.16668
 4.26411
 3.9558
 
1.32563
 1.15305
 4.26157
 4.05576
 1.40749
 0.148494
 3.65
 4.81309
 
2.37764
 0.0717025
 3.58509
 5.25358
 2.11568
 -0.297928
 2.63417
 
5.29199
 2.72787
 -0.157683
 2.58425
 5.11898
 2.95092
 -0.0162252
 
2.12932
 5.30798
 3.91153
 -0.0701783
 1.95243
 4.71924
 3.49791
 
0.43006
 1.16683
 5.18346
 4.49318
 0.638364
 0.686442
 4.34664
 
4.14551
 1.03353
 0.51067
 4.51409
 4.702
 1.49129
 0.322529
 
3.53115
 4.54761
 1.15447
 0.224374
 3.86641
 4.91749
 2.10143
 
-0.0181974
 2.71398
 4.24604
 2.43343
 0.519323
 2.6861
 4.78671
 
3.08771
 0.246657
 1.84569
 4.17246
 3.01192
 0.520553
 2.27589
 
4.75412
 3.59198
 1.14086
 1.56767
 3.54259
 3.31786
 1.5255
 
1.32967
 4.42191
 3.76761
 1.34119
 1.1079
 3.17931
 3.09337
 
2.14975
 1.21835
 4.12567
 4.45028
 1.77854
 1.35158
 2.92698
 
3.75411
 2.08156
 1.19662
 2.68463
 3.92489
 2.84938
 1.26904
 
2.03082
 3.13798
 2.95335
 1.79436
 1.92764
 3.52154
 3.79281
 
1.73306
 0.9097
 3.18708
 3.63019
 2.18668
 1.48627
 3.60365
 
4.17592
 2.58169
 0.51175
 2.44554
 4.17187
 2.36633
 0.750879
 
2.70961
 4.70398
 3.15084
 1.11969
 2.12737
 4.04711
 3.13927
 
1.1203
 1.73801
 4.05891
 3.62288
 0.840659
 1.16426
 4.80666
 
4.05659
 1.5162
 0.103894
 3.71468
 4.33227
 1.07987
 -0.109307
 
3.39255
 5.10481
 2.21762
 -0.122755
 3.24748
 5.03212
 1.38976
 
-0.396528
 2.84271
 5.91058
 2.99441
 -0.308412
 2.02897
 4.79542
 
3.04438
 -0.0985014
 1.81093
 5.63672
 4.81842
 -0.232659
 0.267681
 
4.88186
 4.36814
 -0.43531
 2.35367
 5.75836
 3.92832
 0.748936
 
0.75634
 5.25892
 4.13136
 0.0354395
 0.979856
 5.53549
 5.25577
 
0.781033
 -0.266732
 3.73163
 4.63597
 1.43452
 -0.256579
 4.68788
 
5.54238
 1.97742
 -0.788132
 2.94337
 4.80463
 1.9358
 0.176334
 
2.94479
 5.84223
 3.45445
 -0.00668749
 1.42761
 4.25013
 3.56968
 
0.456789
 2.10386
 4.76867
 4.59313
 1.09533
 0.435691
 3.27846
 
4.8181
 1.68605
 0.798912
 4.39422
 5.10955
 1.67955
 -0.0902969
 
2.66441
 4.84093
 2.62024
 0.91904
 2.67162
 4.61271
 3.18385
 
0.878105
 1.14853
 4.55063
 3.7343
 0.921233
 1.35666
 4.69581
 
4.32454
 1.19251
 -0.0915275
 3.44373
 4.7572
 1.7856
 0.358923
 
2.90259
 4.0083
 2.22208
 -0.0568874
 2.65702
 5.03937
 3.16585
 
0.5003
 2.15147
 4.61278
 2.49075
 0.325569
 1.69411
 5.27033
 
3.48164
 0.467992
 1.4902
 3.79067
 3.44175
 0.791069
 1.2527
 
4.39423
 4.42207
 1.32766
 0.722831
 3.19942
 4.18757
 1.17013
 
0.225595
 3.97362
 4.63417
 1.65534
 -0.490177
 3.26903
 4.57391
 
1.94138
 -0.264945
 2.95814
 5.29283
 2.80038
 -0.276842
 2.39094
 
4.32784
 2.51366
 0.335796
 2.11704
 5.19201
 3.8206
 0.342281
 
1.06804
 4.05169
 3.07
 0.647999
 1.70279
 4.92618
 3.92586
 1.2335
 
0.694907
 3.90323
 4.06726
 0.978751
 1.30271
 4.48125
 4.45036
 
1.28642
 0.311887
 3.33437
 3.61341
 1.32787
 0.484202
 4.06777
 
4.26508
 1.82723
 0.106119
 2.61093
 3.81981
 2.13154
 1.12917
 
2.94088
 4.25304
 2.50355
 0.716728
 2.28568
 3.47019
 2.90723
 
1.05589
 2.84474
 4.15815
 3.38786
 1.01471
 0.744786
 3.70486
 
3.49665
 0.716636
 1.86532
 4.18302
 3.68224
 1.55571
 0.85011
 
2.96077
 3.95674
 1.51675
 1.27634
 3.03688
 4.57547
 2.06977
 
0.497942
 2.67724
 4.08134
 2.58691
 1.07543
 2.59775
 4.36543
 
2.69386
 0.732477
 1.62157
 3.81922
 3.83082
 1.08229
 1.57291
 
3.92803
 3.69865
 1.10814
 0.804731
 3.86723
 4.45954
 1.45422
 
0.335372
 3.67935
 4.388
 1.87375
 -0.160423
 3.07382
 4.67977
 
2.47351
 0.181357
 1.78984
 4.68345
 2.67947
 0.0918849
 1.68071
 
4.70285
 4.25136
 0.723809
 0.195875
 4.09664
 3.88897
 -0.0353178
 
0.574573
 4.78394
 4.77921
 0.633539
 -0.374722
 3.61618
 3.90579
 
0.537408
 -1.02024
 3.91811
 5.40115
 1.84881
 -0.946643
 2.60198
 
4.57743
 1.96339
 -0.99025
 3.26539
 5.89844
 3.43991
 -1.11836
 
0.736714
 4.96796
 3.39488
 0.408563
 1.23466
 5.61222
 4.5535
 
0.0993717
 0.137332
 3.84012
 3.58626
 0.302115
 -0.116804
 4.63555
 
5.10746
 1.27734
 -0.785266
 2.67886
 4.67551
 1.83808
 -0.465124
 
3.56268
 5.69249
 3.04566
 -0.629472
 1.35409
 4.80711
 2.7221
 
-0.131391
 1.77351
 4.37933
 4.07833
 0.332879
 -0.100313
 3.93617
 
3.83943
 0.790153
 0.918689
 4.29661
 3.94855
 1.53425
 0.51792
 
2.7363
 4.57986
 2.07847
 0.74213
 2.74548
 4.09091
 2.52036
 
-0.0755921
 1.89823
 4.28327
 3.05794
 0.79869
 1.85563
 4.23605
 
2.92922
 1.15051
 0.916476
 3.79666
 3.71583
 2.03669
 0.743801
 
3.48534
 3.83917
 1.43525
 0.217711
 3.16556
 4.52721
 2.29397
 
0.107115
 2.67357
 4.1619
 1.98683
 0.193161
 2.05675
 4.70697
 
2.99794
 0.418512
 1.90947
 3.43026
 2.79253
 0.450738
 1.02717
 
4.62628
 4.24276
 0.608392
 0.873264
 3.61417
 3.2484
 0.82342
 
1.11282
 4.25211
 4.49132
 1.5606
 -0.058631
 2.92865
 3.75756
 
1.33605
 0.0410555
 3.27615
 5.22013
 1.96425
 -0.0457485
 2.35669
 
4.58354
 1.66636
 0.455098
 2.55101
 5.00655
 2.8736
 -0.09026
 
1.9084
 3.50487
 2.7773
 -0.448199
 2.42084
 4.73744
 3.188
 
0.353473
 0.904977
 3.55215
 2.66832
 0.637405
 1.13952
 4.1523
 
4.28709
 0.843076
 0.325808
 3.21503
 3.38025
 1.05118
 1.09297
 
3.94264
 4.42404
 1.47418
 0.511394
 2.81095
 3.79147
 1.30211
 
0.729274
 3.20304
 4.43981
 2.03596
 -0.0208861
 2.20885
 3.54553
 
2.44229
 0.553833
 2.50394
 3.97043
 2.45042
 0.228717
 1.5505
 
3.66273
 2.53847
 0.768318
 2.24138
 3.85952
 3.14778
 0.477422
 
0.616381
 3.34426
 3.21875
 1.03486
 1.33807
 3.91061
 3.76597
 
0.983014
 0.267408
 3.10972
 4.20748
 1.74741
 0.635955
 3.06667
 
3.65604
 2.04022
 0.359799
 1.97017
 4.06153
 2.96459
 0.489203
 
1.03722
 3.68619
 2.70932
 0.169739
 0.904863
 4.24908
 3.53738
 
1.22194
 0.480999
 3.53226
 3.65746
 1.35404
 0.191284
 4.16585
 
4.48332
 1.89911
 -0.0163519
 2.37526
 4.14787
 1.34154
 -0.299317
 
1.99679
 4.98787
 2.94954
 -0.0684037
 1.23753
 4.18982
 2.75784
 
-0.420265
 0.818549
 5.31579
 4.06061
 0.633879
 -0.0955283
 4.04104
 
3.92236
 0.592511
 -0.469169
 4.32997
 5.32313
 1.69796
 -0.691506
 
2.53835
 4.82434
 1.24787
 -0.566853
 3.06379
 5.25121
 3.10592
 
-1.35578
 1.21771
 4.76612
 3.09203
 -0.792011
 1.25043
 5.37363
 
3.74401
 -0.216417
 -0.585551
 3.98631
 3.84223
 -0.192
 0.119457
 
4.64505
 5.02732
 0.647489
 -1.20665
 3.20175
 4.56611
 1.38734
 
-0.0898667
 3.8074
 5.4092
 1.88865
 -0.578005
 2.20835
 4.50315
 
2.4583
 -0.309514
 1.81972
 5.07028
 3.07943
 -0.291085
 0.652856
 
3.99567
 3.77164
 0.263505
 1.35468
 4.40576
 4.26264
 0.59359
 
-0.317096
 3.12304
 4.12825
 1.82992
 0.203985
 2.92242
 4.0702
 
1.42804
 0.416028
 2.04981
 4.46811
 1.91732
 0.434269
 1.93751
 
3.33627
 2.31531
 0.387616
 0.808942
 3.8807
 3.42386
 0.939098
 
0.849198
 3.4637
 3.45371
 1.01068
 0.856636
 3.30858
 3.93629